Ir Rho=22.42, Sig=0.nm, P=0., E=10000.eV
 Angle (deg), Reflectivity
   0.000000  1.00000
   2.000000E-02  0.994244
   4.000000E-02  0.988491
   6.000000E-02  0.982709
   8.000000E-02  0.976867
   0.100000  0.970931
   0.120000  0.964865
   0.140000  0.958628
   0.160000  0.952173
   0.180000  0.945446
   0.200000  0.938383
   0.220000  0.930905
   0.240000  0.922913
   0.260000  0.914281
   0.280000  0.904844
   0.300000  0.894378
   0.320000  0.882570
   0.340000  0.868961
   0.360000  0.852849
   0.380000  0.833088
   0.400000  0.807631
   0.420000  0.772375
   0.440000  0.717552
   0.460000  0.614319
   0.480000  0.414933
   0.500000  0.253290
   0.520000  0.170003
   0.540000  0.122409
   0.560000  9.227318E-02
   0.580000  7.183367E-02
   0.600000  5.728602E-02
   0.620000  4.655535E-02
   0.640000  3.841814E-02
   0.660000  3.210928E-02
   0.680000  2.712784E-02
   0.700000  2.313379E-02
   0.720000  1.988911E-02
   0.740000  1.722309E-02
   0.760000  1.501055E-02
   0.780000  1.315806E-02
   0.800000  1.159471E-02
   0.820000  1.026594E-02
   0.840000  9.129238E-03
   0.860000  8.151111E-03
   0.880000  7.304884E-03
   0.900000  6.569121E-03
   0.920000  5.926454E-03
   0.940000  5.362717E-03
   0.960000  4.866253E-03
   0.980000  4.427403E-03
   1.00000  4.038141E-03
   1.02000  3.691737E-03
   1.04000  3.382517E-03
   1.06000  3.105707E-03
   1.08000  2.857224E-03
   1.10000  2.633587E-03
   1.12000  2.431826E-03
   1.14000  2.249375E-03
   1.16000  2.084013E-03
   1.18000  1.933830E-03
   1.20000  1.797155E-03
   1.22000  1.672531E-03
   1.24000  1.558689E-03
   1.26000  1.454513E-03
   1.28000  1.359017E-03
   1.30000  1.271337E-03
   1.32000  1.190713E-03
   1.34000  1.116456E-03
   1.36000  1.047971E-03
   1.38000  9.847217E-04
   1.40000  9.262282E-04
   1.42000  8.720614E-04
   1.44000  8.218404E-04
   1.46000  7.752211E-04
   1.48000  7.318970E-04
   1.50000  6.915866E-04
   1.52000  6.540398E-04
   1.54000  6.190299E-04
   1.56000  5.863531E-04
   1.58000  5.558239E-04
   1.60000  5.272731E-04
   1.62000  5.005471E-04
   1.64000  4.755084E-04
   1.66000  4.520267E-04
   1.68000  4.299896E-04
   1.70000  4.092875E-04
   1.72000  3.898269E-04
   1.74000  3.715174E-04
   1.76000  3.542780E-04
   1.78000  3.380325E-04
   1.80000  3.227141E-04
   1.82000  3.082600E-04
   1.84000  2.946114E-04
   1.86000  2.817136E-04
   1.88000  2.695202E-04
   1.90000  2.579823E-04
   1.92000  2.470578E-04
   1.94000  2.367085E-04
   1.96000  2.268999E-04
   1.98000  2.175957E-04
   2.00000  2.087673E-04
   2.02000  2.003825E-04
   2.04000  1.924176E-04
   2.06000  1.848472E-04
   2.08000  1.776456E-04
   2.10000  1.707935E-04
   2.12000  1.642716E-04
   2.14000  1.580574E-04
   2.16000  1.521368E-04
   2.18000  1.464909E-04
   2.20000  1.411070E-04
   2.22000  1.359673E-04
   2.24000  1.310617E-04
   2.26000  1.263759E-04
   2.28000  1.218983E-04
   2.30000  1.176185E-04
   2.32000  1.135256E-04
   2.34000  1.096095E-04
   2.36000  1.058608E-04
   2.38000  1.022725E-04
   2.40000  9.883489E-05
   2.42000  9.554128E-05
   2.44000  9.238380E-05
   2.46000  8.935612E-05
   2.48000  8.645152E-05
   2.50000  8.366478E-05
   2.52000  8.098988E-05
   2.54000  7.842125E-05
   2.56000  7.595374E-05
   2.58000  7.358263E-05
   2.60000  7.130360E-05
   2.62000  6.911331E-05
   2.64000  6.700603E-05
   2.66000  6.497798E-05
   2.68000  6.302708E-05
   2.70000  6.114852E-05
   2.72000  5.933974E-05
   2.74000  5.759759E-05
   2.76000  5.591893E-05
   2.78000  5.430117E-05
   2.80000  5.274128E-05
   2.82000  5.123765E-05
   2.84000  4.978752E-05
   2.86000  4.838755E-05
   2.88000  4.703699E-05
   2.90000  4.573342E-05
   2.92000  4.447452E-05
   2.94000  4.325878E-05
   2.96000  4.208462E-05
   2.98000  4.094980E-05
   3.00000  3.985317E-05
   3.02000  3.879291E-05
   3.04000  3.776799E-05
   3.06000  3.677616E-05
   3.08000  3.581718E-05
   3.10000  3.488951E-05
   3.12000  3.399112E-05
   3.14000  3.312190E-05
   3.16000  3.228032E-05
   3.18000  3.146510E-05
   3.20000  3.067583E-05
   3.22000  2.991073E-05
   3.24000  2.916971E-05
   3.26000  2.845146E-05
   3.28000  2.775513E-05
   3.30000  2.707992E-05
   3.32000  2.642521E-05
   3.34000  2.579024E-05
   3.36000  2.517416E-05
   3.38000  2.457657E-05
   3.40000  2.399620E-05
   3.42000  2.343318E-05
   3.44000  2.288662E-05
   3.46000  2.235561E-05
   3.48000  2.184021E-05
   3.50000  2.133957E-05
   3.52000  2.085318E-05
   3.54000  2.038055E-05
   3.56000  1.992093E-05
   3.58000  1.947454E-05
   3.60000  1.904066E-05
   3.62000  1.861874E-05
   3.64000  1.820801E-05
   3.66000  1.780906E-05
   3.68000  1.742079E-05
   3.70000  1.704330E-05
   3.72000  1.667578E-05
   3.74000  1.631788E-05
   3.76000  1.596977E-05
   3.78000  1.563087E-05
   3.80000  1.530069E-05
   3.82000  1.497959E-05
   3.84000  1.466662E-05
   3.86000  1.436195E-05
   3.88000  1.406491E-05
   3.90000  1.377584E-05
   3.92000  1.349353E-05
   3.94000  1.321892E-05
   3.96000  1.295138E-05
   3.98000  1.269013E-05
   4.00000  1.243590E-05
   4.02000  1.218772E-05
   4.04000  1.194579E-05
   4.06000  1.170939E-05
   4.08000  1.147937E-05
   4.10000  1.125488E-05
   4.12000  1.103571E-05
   4.14000  1.082190E-05
   4.16000  1.061313E-05
   4.18000  1.040954E-05
   4.20000  1.021066E-05
   4.22000  1.001670E-05
   4.24000  9.827168E-06
   4.26000  9.642103E-06
   4.28000  9.461201E-06
   4.30000  9.284819E-06
   4.32000  9.112351E-06
   4.34000  8.943858E-06
   4.36000  8.779273E-06
   4.38000  8.618627E-06
   4.40000  8.461452E-06
   4.42000  8.307815E-06
   4.44000  8.157728E-06
   4.46000  8.011089E-06
   4.48000  7.867535E-06
   4.50000  7.727348E-06
   4.52000  7.590224E-06
   4.54000  7.455928E-06
   4.56000  7.324732E-06
   4.58000  7.196452E-06
   4.60000  7.070857E-06
   4.62000  6.948169E-06
   4.64000  6.828110E-06
   4.66000  6.710331E-06
   4.68000  6.595278E-06
   4.70000  6.482696E-06
   4.72000  6.372519E-06
   4.74000  6.264630E-06
   4.76000  6.159019E-06
   4.78000  6.055709E-06
   4.80000  5.954421E-06
   4.82000  5.855104E-06
   4.84000  5.758126E-06
   4.86000  5.663084E-06
   4.88000  5.569959E-06
   4.90000  5.478694E-06
   4.92000  5.389342E-06
   4.94000  5.301658E-06
   4.96000  5.215864E-06
   4.98000  5.131840E-06
   5.00000  5.049419E-06
   5.02000  4.968747E-06
   5.04000  4.889527E-06
   5.06000  4.811970E-06
   5.08000  4.735971E-06
   5.10000  4.661373E-06
   5.12000  4.588203E-06
   5.14000  4.516600E-06
   5.16000  4.446280E-06
   5.18000  4.377402E-06
   5.20000  4.309858E-06
   5.22000  4.243449E-06
   5.24000  4.178544E-06
   5.26000  4.114711E-06
   5.28000  4.052089E-06
   5.30000  3.990705E-06
   5.32000  3.930472E-06
   5.34000  3.871310E-06
   5.36000  3.813347E-06
   5.38000  3.756349E-06
   5.40000  3.700547E-06
   5.42000  3.645711E-06
   5.44000  3.591816E-06
   5.46000  3.538985E-06
   5.48000  3.487193E-06
   5.50000  3.436129E-06
   5.52000  3.386199E-06
   5.54000  3.337096E-06
   5.56000  3.288890E-06
   5.58000  3.241470E-06
   5.60000  3.194953E-06
   5.62000  3.149317E-06
   5.64000  3.104361E-06
   5.66000  3.060378E-06
   5.68000  3.017039E-06
   5.70000  2.974502E-06
   5.72000  2.932623E-06
   5.74000  2.891591E-06
   5.76000  2.851260E-06
   5.78000  2.811660E-06
   5.80000  2.772606E-06
   5.82000  2.734327E-06
   5.84000  2.696730E-06
   5.86000  2.659754E-06
   5.88000  2.623383E-06
   5.90000  2.587580E-06
   5.92000  2.552425E-06
   5.94000  2.517903E-06
   5.96000  2.483975E-06
   5.98000  2.450472E-06
   6.00000  2.417671E-06
   6.02000  2.385424E-06
   6.04000  2.353632E-06
   6.06000  2.322371E-06
   6.08000  2.291647E-06
   6.10000  2.261388E-06
   6.12000  2.231746E-06
   6.14000  2.202484E-06
   6.16000  2.173713E-06
   6.18000  2.145362E-06
   6.20000  2.117580E-06
   6.22000  2.090197E-06
   6.24000  2.063261E-06
   6.26000  2.036705E-06
   6.28000  2.010617E-06
   6.30000  1.984946E-06
   6.32000  1.959682E-06
   6.34000  1.934815E-06
   6.36000  1.910285E-06
   6.38000  1.886227E-06
   6.40000  1.862449E-06
   6.42000  1.839112E-06
   6.44000  1.816091E-06
   6.46000  1.793553E-06
   6.48000  1.771217E-06
   6.50000  1.749345E-06
   6.52000  1.727662E-06
   6.54000  1.706426E-06
   6.56000  1.685452E-06
   6.58000  1.664824E-06
   6.60000  1.644489E-06
   6.62000  1.624523E-06
   6.64000  1.604800E-06
   6.66000  1.585429E-06
   6.68000  1.566247E-06
   6.70000  1.547446E-06
   6.72000  1.528899E-06
   6.74000  1.510642E-06
   6.76000  1.492628E-06
   6.78000  1.474890E-06
   6.80000  1.457384E-06
   6.82000  1.440218E-06
   6.84000  1.423236E-06
   6.86000  1.406508E-06
   6.88000  1.390061E-06
   6.90000  1.373785E-06
   6.92000  1.357815E-06
   6.94000  1.342008E-06
   6.96000  1.326498E-06
   6.98000  1.311139E-06
   7.00000  1.296102E-06
   7.02000  1.281171E-06
   7.04000  1.266515E-06
   7.06000  1.252095E-06
   7.08000  1.237806E-06
   7.10000  1.223775E-06
   7.12000  1.209867E-06
   7.14000  1.196241E-06
   7.16000  1.182731E-06
   7.18000  1.169492E-06
   7.20000  1.156393E-06
   7.22000  1.143430E-06
   7.24000  1.130693E-06
   7.26000  1.118116E-06
   7.28000  1.105695E-06
   7.30000  1.093488E-06
   7.32000  1.081428E-06
   7.34000  1.069515E-06
   7.36000  1.057801E-06
   7.38000  1.046283E-06
   7.40000  1.034899E-06
   7.42000  1.023646E-06
   7.44000  1.012523E-06
   7.46000  1.001580E-06
   7.48000  9.907017E-07
   7.50000  9.801083E-07
   7.52000  9.695204E-07
   7.54000  9.592086E-07
   7.56000  9.489499E-07
   7.58000  9.387995E-07
   7.60000  9.288058E-07
   7.62000  9.189649E-07
   7.64000  9.092735E-07
   7.66000  8.996791E-07
   7.68000  8.902283E-07
   7.70000  8.809176E-07
   7.72000  8.716426E-07
   7.74000  8.626035E-07
   7.76000  8.535954E-07
   7.78000  8.447697E-07
   7.80000  8.360170E-07
   7.82000  8.273877E-07
   7.84000  8.188345E-07
   7.86000  8.104442E-07
   7.88000  8.021257E-07
   7.90000  7.938692E-07
   7.92000  7.858182E-07
   7.94000  7.778325E-07
   7.96000  7.699023E-07
   7.98000  7.621179E-07
   8.00000  7.543936E-07
   8.02000  7.467598E-07
   8.04000  7.393222E-07
   8.06000  7.319201E-07
   8.08000  7.244919E-07
   8.10000  7.172734E-07
   8.12000  7.101528E-07
   8.14000  7.030608E-07
   8.16000  6.961494E-07
   8.18000  6.892624E-07
   8.20000  6.824662E-07
   8.22000  6.757490E-07
   8.24000  6.690885E-07
   8.26000  6.625602E-07
   8.28000  6.560842E-07
   8.30000  6.496550E-07
   8.32000  6.433559E-07
   8.34000  6.371353E-07
   8.36000  6.309251E-07
   8.38000  6.248704E-07
   8.40000  6.188229E-07
   8.42000  6.128820E-07
   8.44000  6.070233E-07
   8.46000  6.011575E-07
   8.48000  5.954796E-07
   8.50000  5.897923E-07
   8.52000  5.841799E-07
   8.54000  5.786637E-07
   8.56000  5.731443E-07
   8.58000  5.677608E-07
   8.60000  5.624332E-07
   8.62000  5.571341E-07
   8.64000  5.518879E-07
   8.66000  5.467404E-07
   8.68000  5.416421E-07
   8.70000  5.365980E-07
   8.72000  5.316243E-07
   8.74000  5.266664E-07
   8.76000  5.217598E-07
   8.78000  5.169357E-07
   8.80000  5.121883E-07
   8.82000  5.075193E-07
   8.84000  5.028567E-07
   8.86000  4.982423E-07
   8.88000  4.937265E-07
   8.90000  4.891900E-07
   8.92000  4.847230E-07
   8.94000  4.803254E-07
   8.96000  4.760202E-07
   8.98000  4.716909E-07
   9.00000  4.674897E-07
   9.02000  4.632251E-07
   9.04000  4.591108E-07
   9.06000  4.549695E-07
   9.08000  4.509128E-07
   9.10000  4.469138E-07
   9.12000  4.429112E-07
   9.14000  4.389642E-07
   9.16000  4.350965E-07
   9.18000  4.312811E-07
   9.20000  4.274596E-07
   9.22000  4.237013E-07
   9.24000  4.199335E-07
   9.26000  4.162976E-07
   9.28000  4.126500E-07
   9.30000  4.090163E-07
   9.32000  4.054842E-07
   9.34000  4.019640E-07
   9.36000  3.984513E-07
   9.38000  3.950185E-07
   9.40000  3.916126E-07
   9.42000  3.881951E-07
   9.44000  3.848917E-07
   9.46000  3.815960E-07
   9.48000  3.782821E-07
   9.50000  3.750831E-07
   9.52000  3.718846E-07
   9.54000  3.686917E-07
   9.56000  3.655511E-07
   9.58000  3.624478E-07
   9.60000  3.594139E-07
   9.62000  3.563635E-07
   9.64000  3.533611E-07
   9.66000  3.503611E-07
   9.68000  3.474259E-07
   9.70000  3.445235E-07
   9.72000  3.416333E-07
   9.74000  3.387747E-07
   9.76000  3.359709E-07
   9.78000  3.331768E-07
   9.80000  3.304122E-07
   9.82000  3.276738E-07
   9.84000  3.249637E-07
   9.86000  3.222909E-07
   9.88000  3.196323E-07
   9.90000  3.169793E-07
   9.92000  3.143994E-07
   9.94000  3.118233E-07
   9.96000  3.092593E-07
   9.98000  3.067277E-07
   10.0000  3.042363E-07